0.5000 0.5623 0.3789 0.0588 
1.0000 0.5681 0.3722 0.0597 
1.5000 0.3454 0.5751 0.0795 
2.0000 0.3700 0.5504 0.0797 
2.5000 0.5400 0.4062 0.0538 
3.0000 0.5364 0.3944 0.0692 
3.5000 0.6342 0.3083 0.0575 
4.0000 0.5127 0.4121 0.0752 
4.5000 0.4611 0.4705 0.0684 
5.0000 0.5479 0.3718 0.0803 
5.5000 0.4375 0.4941 0.0684 
6.0000 0.5036 0.4124 0.0840 
6.5000 0.5008 0.4271 0.0721 
7.0000 0.4122 0.4695 0.1184 
7.5000 0.4025 0.4762 0.1212 
8.0000 0.5661 0.3759 0.0580 
8.5000 0.5261 0.3842 0.0898 
9.0000 0.3428 0.5605 0.0967 
9.5000 0.5188 0.4077 0.0734 
10.0000 0.4674 0.4417 0.0909 
10.5000 0.4715 0.4481 0.0804 
11.0000 0.4968 0.4326 0.0706 
11.5000 0.4632 0.4727 0.0641 
12.0000 0.5793 0.3644 0.0563 
12.5000 0.5577 0.3760 0.0663 
13.0000 0.5502 0.3665 0.0832 
13.5000 0.5041 0.4206 0.0753 
14.0000 0.3609 0.5844 0.0547 
14.5000 0.4980 0.4369 0.0651 
15.0000 0.4804 0.4640 0.0556 
15.5000 0.3974 0.5185 0.0841 
16.0000 0.3088 0.6190 0.0722 
16.5000 0.3630 0.5793 0.0577 
17.0000 0.3821 0.5386 0.0794 
17.5000 0.4796 0.4436 0.0768 
18.0000 0.4869 0.4317 0.0814 
18.5000 0.4880 0.4666 0.0454 
19.0000 0.5328 0.4180 0.0492 
19.5000 0.5429 0.4005 0.0567 
20.0000 0.5052 0.4408 0.0539 
20.5000 0.4762 0.4698 0.0540 
21.0000 0.5446 0.3969 0.0585 
21.5000 0.5292 0.4102 0.0605 
22.0000 0.4102 0.5430 0.0468 
22.5000 0.4282 0.5234 0.0484 
23.0000 0.4611 0.4845 0.0543 
23.5000 0.4474 0.4774 0.0752 
24.0000 0.4962 0.3640 0.1398 
24.5000 0.4564 0.4399 0.1037 
25.0000 0.3850 0.5106 0.1044 
25.5000 0.4716 0.4589 0.0695 
26.0000 0.4922 0.4324 0.0754 
26.5000 0.4574 0.4773 0.0653 
27.0000 0.4355 0.4898 0.0748 
27.5000 0.6269 0.3034 0.0697 
28.0000 0.5819 0.3506 0.0675 
28.5000 0.4803 0.4146 0.1050 
29.0000 0.4617 0.4498 0.0884 
29.5000 0.5312 0.3532 0.1157 
30.0000 0.4720 0.4387 0.0893 
30.5000 0.4375 0.4712 0.0914 
31.0000 0.4766 0.4555 0.0680 
31.5000 0.3781 0.5468 0.0751 
32.0000 0.3918 0.4986 0.1096 
32.5000 0.5481 0.3536 0.0983 
33.0000 0.4678 0.4465 0.0857 
33.5000 0.3899 0.5370 0.0731 
34.0000 0.3958 0.4628 0.1414 
34.5000 0.3898 0.4907 0.1196 
35.0000 0.3810 0.5375 0.0815 
35.5000 0.4068 0.5088 0.0844 
36.0000 0.4274 0.4811 0.0914 
36.5000 0.4941 0.4350 0.0709 
37.0000 0.4486 0.4850 0.0663 
37.5000 0.3933 0.5191 0.0876 
38.0000 0.4233 0.5025 0.0743 
38.5000 0.4588 0.4664 0.0748 
39.0000 0.4422 0.4899 0.0680 
39.5000 0.4191 0.5157 0.0653 
40.0000 0.3970 0.5147 0.0883 
40.5000 0.5434 0.3644 0.0921 
41.0000 0.5375 0.3861 0.0765 
41.5000 0.6198 0.3135 0.0667 
42.0000 0.4199 0.4865 0.0937 
42.5000 0.3926 0.5265 0.0809 
43.0000 0.3686 0.5549 0.0765 
43.5000 0.3074 0.6068 0.0858 
44.0000 0.3719 0.4960 0.1321 
44.5000 0.5402 0.3881 0.0718 
45.0000 0.5322 0.4006 0.0672 
45.5000 0.3884 0.5412 0.0705 
46.0000 0.4515 0.4826 0.0660 
46.5000 0.4104 0.4994 0.0901 
47.0000 0.4001 0.4730 0.1269 
47.5000 0.5367 0.3616 0.1017 
48.0000 0.4375 0.4487 0.1138 
48.5000 0.2909 0.6044 0.1046 
49.0000 0.3801 0.4992 0.1207 
49.5000 0.3508 0.5169 0.1323 