0.5000 0.4001 0.5266 0.0734 
1.0000 0.4042 0.4916 0.1042 
1.5000 0.6349 0.3026 0.0624 
2.0000 0.5090 0.4148 0.0762 
2.5000 0.4549 0.4497 0.0954 
3.0000 0.4577 0.4407 0.1016 
3.5000 0.2427 0.6264 0.1309 
4.0000 0.4479 0.4219 0.1302 
4.5000 0.4051 0.4701 0.1248 
5.0000 0.4040 0.5190 0.0770 
5.5000 0.4833 0.4272 0.0895 
6.0000 0.4237 0.4678 0.1085 
6.5000 0.5429 0.3968 0.0602 
7.0000 0.4829 0.4346 0.0825 
7.5000 0.5398 0.3432 0.1169 
8.0000 0.5115 0.3625 0.1260 
8.5000 0.4656 0.4309 0.1035 
9.0000 0.4349 0.4719 0.0931 
9.5000 0.4384 0.4777 0.0838 
10.0000 0.3552 0.5033 0.1415 
10.5000 0.3069 0.5108 0.1823 
11.0000 0.3745 0.4548 0.1707 
11.5000 0.4641 0.3558 0.1801 
12.0000 0.4556 0.3742 0.1702 
12.5000 0.4508 0.4156 0.1336 
13.0000 0.4770 0.3360 0.1870 
13.5000 0.4807 0.3505 0.1688 
14.0000 0.3709 0.3997 0.2294 
14.5000 0.4097 0.3819 0.2084 
15.0000 0.4136 0.3880 0.1983 
15.5000 0.4963 0.3223 0.1814 
16.0000 0.4543 0.4378 0.1079 
16.5000 0.4378 0.4429 0.1194 
17.0000 0.4785 0.4162 0.1053 
17.5000 0.4720 0.3810 0.1469 
18.0000 0.3841 0.4734 0.1425 
18.5000 0.3564 0.5347 0.1089 
19.0000 0.4552 0.4421 0.1027 
19.5000 0.3947 0.4929 0.1124 
20.0000 0.5039 0.3812 0.1149 
20.5000 0.5256 0.3661 0.1084 
21.0000 0.4086 0.5170 0.0744 
21.5000 0.3465 0.5399 0.1136 
22.0000 0.2993 0.6017 0.0990 
22.5000 0.2916 0.5605 0.1479 
23.0000 0.3955 0.5058 0.0987 
23.5000 0.3889 0.4918 0.1193 
24.0000 0.3688 0.5485 0.0828 
24.5000 0.3817 0.5285 0.0898 
25.0000 0.4489 0.4710 0.0800 
25.5000 0.4698 0.4866 0.0436 
26.0000 0.4309 0.4931 0.0760 
26.5000 0.5059 0.4109 0.0832 
27.0000 0.3436 0.5400 0.1164 
27.5000 0.4810 0.3674 0.1516 
28.0000 0.4380 0.4072 0.1548 
28.5000 0.4744 0.3630 0.1626 
29.0000 0.4028 0.4931 0.1040 
29.5000 0.3089 0.5082 0.1829 
30.0000 0.3634 0.4629 0.1737 
30.5000 0.4044 0.4278 0.1678 
31.0000 0.4432 0.4260 0.1307 
31.5000 0.4943 0.4229 0.0828 
32.0000 0.4129 0.4386 0.1485 
32.5000 0.4341 0.4742 0.0917 
33.0000 0.4107 0.4851 0.1042 
33.5000 0.3518 0.5540 0.0943 
34.0000 0.5311 0.3693 0.0996 
34.5000 0.4350 0.4729 0.0920 
35.0000 0.3578 0.4481 0.1941 
35.5000 0.3708 0.4626 0.1665 
36.0000 0.5454 0.2944 0.1602 
36.5000 0.4590 0.3821 0.1589 
37.0000 0.5418 0.2996 0.1586 
37.5000 0.4617 0.3875 0.1508 
38.0000 0.3963 0.4433 0.1604 
38.5000 0.3179 0.5428 0.1393 
39.0000 0.3043 0.5831 0.1127 
39.5000 0.3421 0.5318 0.1261 
40.0000 0.2746 0.5256 0.1998 
40.5000 0.1988 0.5383 0.2629 
41.0000 0.2459 0.5037 0.2504 
41.5000 0.3562 0.4070 0.2368 
42.0000 0.3584 0.4014 0.2402 
42.5000 0.3102 0.4847 0.2051 
43.0000 0.3611 0.4889 0.1501 
43.5000 0.4180 0.4681 0.1139 
44.0000 0.4046 0.4164 0.1790 
44.5000 0.4493 0.3749 0.1757 
45.0000 0.4184 0.4664 0.1152 
45.5000 0.3082 0.5244 0.1675 
46.0000 0.3906 0.4279 0.1815 
46.5000 0.3913 0.4501 0.1586 
47.0000 0.5226 0.3559 0.1215 
47.5000 0.5947 0.3091 0.0962 
48.0000 0.4393 0.4350 0.1257 
48.5000 0.5712 0.3358 0.0931 
49.0000 0.4729 0.4177 0.1094 
49.5000 0.4251 0.4422 0.1328 