0.5000 0.4453 0.4717 0.0829 
1.0000 0.3376 0.5467 0.1157 
1.5000 0.4359 0.4385 0.1256 
2.0000 0.5345 0.3383 0.1272 
2.5000 0.3614 0.4671 0.1714 
3.0000 0.4034 0.4209 0.1757 
3.5000 0.5895 0.3377 0.0728 
4.0000 0.4473 0.4442 0.1084 
4.5000 0.5153 0.3681 0.1166 
5.0000 0.6270 0.2725 0.1006 
5.5000 0.5230 0.3449 0.1320 
6.0000 0.4981 0.3967 0.1053 
6.5000 0.4648 0.4410 0.0941 
7.0000 0.3850 0.5043 0.1107 
7.5000 0.4400 0.4618 0.0982 
8.0000 0.4078 0.4373 0.1549 
8.5000 0.3109 0.4594 0.2297 
9.0000 0.3541 0.3922 0.2537 
9.5000 0.2961 0.4136 0.2903 
10.0000 0.2560 0.4779 0.2662 
10.5000 0.2639 0.4486 0.2875 
11.0000 0.2952 0.4638 0.2410 
11.5000 0.2551 0.5358 0.2092 
12.0000 0.4033 0.4597 0.1370 
12.5000 0.4517 0.4598 0.0886 
13.0000 0.6738 0.2607 0.0655 
13.5000 0.5436 0.3770 0.0794 
14.0000 0.6329 0.3160 0.0511 
14.5000 0.4710 0.3936 0.1354 
15.0000 0.3720 0.4532 0.1748 
15.5000 0.5946 0.3144 0.0911 
16.0000 0.5980 0.3156 0.0864 
16.5000 0.5798 0.3508 0.0694 
17.0000 0.5015 0.4196 0.0789 
17.5000 0.4688 0.4051 0.1261 
18.0000 0.6513 0.2658 0.0829 
18.5000 0.4820 0.4312 0.0868 
19.0000 0.5538 0.3571 0.0891 
19.5000 0.5497 0.3592 0.0911 
20.0000 0.5241 0.3927 0.0832 
20.5000 0.5163 0.4120 0.0717 
21.0000 0.4329 0.4761 0.0910 
21.5000 0.4097 0.4671 0.1232 
22.0000 0.4351 0.4258 0.1391 
22.5000 0.3632 0.5035 0.1333 
23.0000 0.3881 0.4531 0.1588 
23.5000 0.3923 0.4122 0.1954 
24.0000 0.4694 0.3972 0.1333 
24.5000 0.4338 0.4524 0.1138 
25.0000 0.4244 0.4851 0.0906 
25.5000 0.4433 0.4653 0.0915 
26.0000 0.3849 0.5099 0.1052 
26.5000 0.4327 0.4490 0.1183 
27.0000 0.5800 0.2900 0.1300 
27.5000 0.5981 0.3112 0.0907 
28.0000 0.4933 0.4188 0.0879 
28.5000 0.5418 0.3884 0.0697 
29.0000 0.5148 0.3945 0.0907 
29.5000 0.4250 0.4423 0.1327 
30.0000 0.4943 0.3939 0.1118 
30.5000 0.4711 0.4546 0.0743 
31.0000 0.4664 0.4140 0.1196 
31.5000 0.3682 0.5156 0.1162 
32.0000 0.4693 0.3581 0.1727 
32.5000 0.5174 0.3067 0.1759 
33.0000 0.4951 0.3207 0.1842 
33.5000 0.4554 0.3081 0.2365 
34.0000 0.4422 0.3778 0.1800 
34.5000 0.3522 0.4542 0.1937 
35.0000 0.3641 0.4777 0.1582 
35.5000 0.3683 0.4567 0.1750 
36.0000 0.4165 0.4689 0.1146 
36.5000 0.3381 0.5391 0.1228 
37.0000 0.4802 0.4100 0.1098 
37.5000 0.5083 0.3366 0.1551 
38.0000 0.6008 0.3053 0.0939 
38.5000 0.4290 0.4878 0.0832 
39.0000 0.4394 0.4649 0.0957 
39.5000 0.3090 0.4865 0.2045 
40.0000 0.2954 0.5190 0.1856 
40.5000 0.3811 0.4365 0.1823 
41.0000 0.3545 0.4403 0.2053 
41.5000 0.3608 0.4273 0.2119 
42.0000 0.4150 0.4130 0.1720 
42.5000 0.3085 0.4527 0.2388 
43.0000 0.3076 0.4609 0.2315 
43.5000 0.3643 0.4725 0.1632 
44.0000 0.3145 0.4628 0.2227 
44.5000 0.3539 0.4536 0.1925 
45.0000 0.3717 0.4596 0.1687 
45.5000 0.5369 0.3718 0.0913 
46.0000 0.4785 0.4117 0.1097 
46.5000 0.4413 0.4408 0.1179 
47.0000 0.3764 0.4830 0.1406 
47.5000 0.4356 0.3984 0.1660 
48.0000 0.4937 0.3133 0.1929 
48.5000 0.4752 0.3749 0.1499 
49.0000 0.4153 0.4032 0.1815 
49.5000 0.4506 0.4426 0.1067 