0.5000 0.4927 0.4392 0.0680 
1.0000 0.6625 0.2798 0.0577 
1.5000 0.5623 0.3682 0.0695 
2.0000 0.5739 0.3583 0.0677 
2.5000 0.5338 0.3903 0.0759 
3.0000 0.6192 0.3137 0.0671 
3.5000 0.6118 0.3222 0.0660 
4.0000 0.5126 0.4138 0.0737 
4.5000 0.4800 0.4252 0.0948 
5.0000 0.5117 0.4123 0.0760 
5.5000 0.5921 0.3193 0.0886 
6.0000 0.5992 0.3231 0.0777 
6.5000 0.5252 0.4021 0.0728 
7.0000 0.5086 0.4005 0.0910 
7.5000 0.5484 0.3094 0.1422 
8.0000 0.6087 0.2727 0.1186 
8.5000 0.5278 0.3798 0.0923 
9.0000 0.4982 0.4121 0.0897 
9.5000 0.5023 0.3957 0.1021 
10.0000 0.4718 0.4506 0.0776 
10.5000 0.5079 0.4188 0.0733 
11.0000 0.4823 0.4464 0.0713 
11.5000 0.5842 0.3601 0.0557 
12.0000 0.6964 0.2211 0.0825 
12.5000 0.6750 0.2515 0.0735 
13.0000 0.7171 0.2317 0.0512 
13.5000 0.6923 0.2451 0.0626 
14.0000 0.5204 0.3918 0.0878 
14.5000 0.6546 0.2770 0.0684 
15.0000 0.5483 0.3425 0.1092 
15.5000 0.6045 0.3149 0.0806 
16.0000 0.5172 0.4068 0.0760 
16.5000 0.5959 0.3282 0.0759 
17.0000 0.5374 0.3868 0.0758 
17.5000 0.5406 0.3729 0.0864 
18.0000 0.5135 0.3949 0.0916 
18.5000 0.4770 0.4307 0.0923 
19.0000 0.4799 0.4526 0.0675 
19.5000 0.4496 0.4535 0.0969 
20.0000 0.5557 0.3430 0.1013 
20.5000 0.3872 0.5219 0.0909 
21.0000 0.4001 0.4539 0.1460 
21.5000 0.5597 0.3090 0.1313 
22.0000 0.5309 0.3804 0.0887 
22.5000 0.5891 0.3313 0.0796 
23.0000 0.5486 0.3471 0.1042 
23.5000 0.6225 0.3032 0.0743 
24.0000 0.5863 0.2932 0.1205 
24.5000 0.5914 0.3054 0.1032 
25.0000 0.6590 0.2487 0.0923 
25.5000 0.5579 0.3663 0.0759 
26.0000 0.4926 0.3871 0.1203 
26.5000 0.3807 0.5007 0.1186 
27.0000 0.5375 0.2894 0.1731 
27.5000 0.4518 0.3966 0.1516 
28.0000 0.5287 0.3701 0.1012 
28.5000 0.5534 0.3492 0.0975 
29.0000 0.5391 0.4042 0.0567 
29.5000 0.4782 0.4264 0.0954 
30.0000 0.4883 0.3311 0.1806 
30.5000 0.4342 0.4357 0.1302 
31.0000 0.4945 0.3671 0.1384 
31.5000 0.4620 0.3999 0.1381 
32.0000 0.4465 0.4231 0.1305 
32.5000 0.5680 0.3239 0.1081 
33.0000 0.4445 0.4526 0.1029 
33.5000 0.5589 0.3531 0.0880 
34.0000 0.5399 0.3830 0.0771 
34.5000 0.6363 0.2799 0.0837 
35.0000 0.6241 0.2999 0.0760 
35.5000 0.5153 0.3994 0.0853 
36.0000 0.5063 0.4164 0.0773 
36.5000 0.5765 0.3564 0.0671 
37.0000 0.5295 0.3861 0.0844 
37.5000 0.7069 0.2385 0.0546 
38.0000 0.5417 0.3660 0.0924 
38.5000 0.6728 0.2692 0.0579 
39.0000 0.5956 0.3198 0.0846 
39.5000 0.5395 0.3714 0.0891 
40.0000 0.5085 0.4013 0.0901 
40.5000 0.6136 0.3250 0.0614 
41.0000 0.5258 0.3805 0.0937 
41.5000 0.4091 0.4678 0.1230 
42.0000 0.5955 0.3116 0.0929 
42.5000 0.5668 0.3395 0.0937 
43.0000 0.5871 0.3294 0.0835 
43.5000 0.5208 0.3690 0.1101 
44.0000 0.5655 0.3386 0.0959 
44.5000 0.4648 0.4019 0.1334 
45.0000 0.4926 0.3719 0.1355 
45.5000 0.4179 0.4618 0.1202 
46.0000 0.4613 0.4395 0.0992 
46.5000 0.5851 0.3147 0.1002 
47.0000 0.5066 0.3903 0.1031 
47.5000 0.5368 0.3459 0.1173 
48.0000 0.5164 0.3740 0.1097 
48.5000 0.5354 0.3449 0.1196 
49.0000 0.5094 0.3627 0.1279 
49.5000 0.4738 0.4021 0.1241 