0.5000 0.5716 0.3588 0.0697 
1.0000 0.6666 0.2992 0.0342 
1.5000 0.5666 0.3780 0.0555 
2.0000 0.5883 0.3587 0.0530 
2.5000 0.5752 0.3145 0.1104 
3.0000 0.5959 0.3171 0.0869 
3.5000 0.6153 0.2951 0.0896 
4.0000 0.6024 0.3367 0.0609 
4.5000 0.5612 0.3346 0.1041 
5.0000 0.5656 0.3305 0.1039 
5.5000 0.5496 0.3508 0.0996 
6.0000 0.6179 0.3134 0.0687 
6.5000 0.5982 0.3406 0.0612 
7.0000 0.6435 0.3162 0.0403 
7.5000 0.5573 0.4076 0.0351 
8.0000 0.6525 0.3043 0.0432 
8.5000 0.6474 0.2956 0.0570 
9.0000 0.6306 0.3122 0.0572 
9.5000 0.5906 0.3680 0.0414 
10.0000 0.5152 0.4080 0.0768 
10.5000 0.5191 0.3752 0.1057 
11.0000 0.4702 0.3754 0.1544 
11.5000 0.4499 0.3730 0.1772 
12.0000 0.4610 0.3886 0.1505 
12.5000 0.3362 0.5365 0.1273 
13.0000 0.3620 0.5279 0.1101 
13.5000 0.4150 0.4675 0.1175 
14.0000 0.4012 0.4641 0.1347 
14.5000 0.4326 0.4272 0.1402 
15.0000 0.4834 0.4515 0.0651 
15.5000 0.4462 0.4238 0.1300 
16.0000 0.3630 0.5519 0.0850 
16.5000 0.3596 0.5243 0.1161 
17.0000 0.3569 0.5091 0.1340 
17.5000 0.4462 0.4573 0.0966 
18.0000 0.5457 0.3944 0.0599 
18.5000 0.4296 0.5025 0.0679 
19.0000 0.3573 0.5200 0.1228 
19.5000 0.4782 0.3959 0.1259 
20.0000 0.4087 0.5029 0.0883 
20.5000 0.4632 0.4525 0.0844 
21.0000 0.4504 0.4754 0.0742 
21.5000 0.4189 0.4832 0.0979 
22.0000 0.3000 0.6043 0.0957 
22.5000 0.4729 0.4485 0.0785 
23.0000 0.5535 0.3874 0.0591 
23.5000 0.5059 0.4244 0.0696 
24.0000 0.4454 0.4248 0.1298 
24.5000 0.4428 0.3995 0.1576 
25.0000 0.5272 0.3510 0.1218 
25.5000 0.5400 0.3630 0.0970 
26.0000 0.6289 0.3252 0.0459 
26.5000 0.5797 0.3688 0.0515 
27.0000 0.5905 0.3608 0.0487 
27.5000 0.5360 0.3987 0.0653 
28.0000 0.6055 0.3493 0.0451 
28.5000 0.6027 0.3295 0.0678 
29.0000 0.5636 0.3727 0.0637 
29.5000 0.5502 0.3925 0.0573 
30.0000 0.5776 0.3656 0.0568 
30.5000 0.5109 0.3854 0.1037 
31.0000 0.5047 0.4376 0.0578 
31.5000 0.4272 0.5151 0.0577 
32.0000 0.4499 0.4391 0.1109 
32.5000 0.3576 0.4654 0.1770 
33.0000 0.3777 0.3701 0.2523 
33.5000 0.3138 0.5154 0.1708 
34.0000 0.3635 0.4571 0.1793 
34.5000 0.2777 0.5765 0.1458 
35.0000 0.2452 0.4626 0.2922 
35.5000 0.3110 0.4288 0.2602 
36.0000 0.3970 0.3661 0.2369 
36.5000 0.3789 0.4490 0.1721 
37.0000 0.5029 0.4324 0.0647 
37.5000 0.5181 0.3511 0.1309 
38.0000 0.4629 0.3326 0.2045 
38.5000 0.4276 0.4378 0.1346 
39.0000 0.4789 0.4277 0.0934 
39.5000 0.4107 0.4717 0.1176 
40.0000 0.4185 0.4571 0.1244 
40.5000 0.4904 0.4461 0.0635 
41.0000 0.5292 0.3886 0.0822 
41.5000 0.3490 0.5089 0.1421 
42.0000 0.3655 0.5209 0.1136 
42.5000 0.3785 0.5118 0.1097 
43.0000 0.2928 0.4893 0.2179 
43.5000 0.3685 0.3501 0.2814 
44.0000 0.3389 0.4673 0.1938 
44.5000 0.3342 0.5270 0.1388 
45.0000 0.3591 0.4906 0.1503 
45.5000 0.4708 0.4229 0.1063 
46.0000 0.3402 0.5611 0.0987 
46.5000 0.3878 0.4468 0.1653 
47.0000 0.2928 0.4516 0.2556 
47.5000 0.4243 0.4475 0.1282 
48.0000 0.4422 0.4330 0.1249 
48.5000 0.4390 0.4785 0.0825 
49.0000 0.4552 0.4819 0.0629 
49.5000 0.4777 0.4273 0.0950 