0.5000 0.4964 0.4037 0.0999 
1.0000 0.5257 0.3994 0.0749 
1.5000 0.6323 0.3079 0.0598 
2.0000 0.5599 0.3759 0.0641 
2.5000 0.4965 0.4199 0.0835 
3.0000 0.5098 0.4014 0.0888 
3.5000 0.4787 0.4253 0.0960 
4.0000 0.3463 0.5213 0.1324 
4.5000 0.4155 0.4593 0.1252 
5.0000 0.5230 0.3811 0.0959 
5.5000 0.4569 0.4393 0.1038 
6.0000 0.4753 0.3912 0.1335 
6.5000 0.3530 0.5099 0.1371 
7.0000 0.3640 0.4516 0.1844 
7.5000 0.3652 0.4351 0.1997 
8.0000 0.3791 0.4237 0.1972 
8.5000 0.3707 0.4355 0.1938 
9.0000 0.3562 0.4362 0.2076 
9.5000 0.3631 0.4511 0.1859 
10.0000 0.4177 0.3742 0.2081 
10.5000 0.4627 0.3628 0.1745 
11.0000 0.5130 0.3392 0.1478 
11.5000 0.4276 0.3940 0.1784 
12.0000 0.4953 0.3812 0.1235 
12.5000 0.4654 0.4314 0.1031 
13.0000 0.5042 0.3981 0.0977 
13.5000 0.5294 0.3978 0.0727 
14.0000 0.5627 0.3440 0.0934 
14.5000 0.4725 0.3958 0.1316 
15.0000 0.3146 0.4778 0.2076 
15.5000 0.4012 0.4259 0.1730 
16.0000 0.3761 0.4851 0.1387 
16.5000 0.5322 0.3785 0.0892 
17.0000 0.4660 0.3762 0.1578 
17.5000 0.5126 0.3436 0.1438 
18.0000 0.5761 0.3268 0.0970 
18.5000 0.4719 0.4035 0.1246 
19.0000 0.3434 0.4561 0.2004 
19.5000 0.3332 0.5260 0.1408 
20.0000 0.4024 0.4637 0.1339 
20.5000 0.3837 0.4671 0.1492 
21.0000 0.3431 0.5095 0.1474 
21.5000 0.3494 0.4827 0.1679 
22.0000 0.4000 0.4321 0.1679 
22.5000 0.4774 0.3786 0.1441 
23.0000 0.4484 0.3912 0.1604 
23.5000 0.4811 0.3737 0.1452 
24.0000 0.5403 0.3411 0.1187 
24.5000 0.5470 0.3541 0.0989 
25.0000 0.4092 0.4727 0.1181 
25.5000 0.5274 0.3938 0.0788 
26.0000 0.4949 0.4194 0.0857 
26.5000 0.4739 0.4389 0.0871 
27.0000 0.4848 0.4302 0.0850 
27.5000 0.5160 0.4077 0.0763 
28.0000 0.4958 0.3775 0.1268 
28.5000 0.3279 0.5242 0.1479 
29.0000 0.4434 0.4849 0.0717 
29.5000 0.4788 0.4079 0.1133 
30.0000 0.5487 0.3288 0.1225 
30.5000 0.4844 0.4152 0.1004 
31.0000 0.4809 0.4061 0.1130 
31.5000 0.4997 0.3857 0.1146 
32.0000 0.3863 0.4530 0.1607 
32.5000 0.3929 0.4264 0.1806 
33.0000 0.4079 0.3931 0.1989 
33.5000 0.4586 0.3904 0.1511 
34.0000 0.4425 0.3463 0.2112 
34.5000 0.4439 0.3303 0.2258 
35.0000 0.3786 0.3851 0.2363 
35.5000 0.4588 0.3514 0.1898 
36.0000 0.5379 0.3096 0.1525 
36.5000 0.5275 0.3707 0.1018 
37.0000 0.6526 0.2510 0.0964 
37.5000 0.5850 0.3469 0.0680 
38.0000 0.4919 0.3949 0.1132 
38.5000 0.5508 0.3309 0.1184 
39.0000 0.5083 0.3268 0.1648 
39.5000 0.4911 0.3784 0.1305 
40.0000 0.5014 0.3979 0.1007 
40.5000 0.4590 0.4002 0.1409 
41.0000 0.2833 0.4922 0.2245 
41.5000 0.3717 0.3777 0.2505 
42.0000 0.3525 0.4323 0.2153 
42.5000 0.2852 0.4647 0.2502 
43.0000 0.2551 0.4616 0.2833 
43.5000 0.3059 0.4172 0.2770 
44.0000 0.2669 0.4887 0.2444 
44.5000 0.4061 0.4244 0.1695 
45.0000 0.4937 0.3976 0.1088 
45.5000 0.5560 0.3311 0.1130 
46.0000 0.4641 0.3981 0.1378 
46.5000 0.4812 0.3786 0.1402 
47.0000 0.4828 0.3645 0.1527 
47.5000 0.3989 0.4503 0.1508 
48.0000 0.3853 0.4057 0.2090 
48.5000 0.4658 0.3570 0.1772 
49.0000 0.4034 0.4158 0.1808 
49.5000 0.3615 0.4896 0.1489 