0.5000 0.1990 0.7019 0.0991 
1.0000 0.2581 0.6753 0.0666 
1.5000 0.3205 0.6076 0.0719 
2.0000 0.3807 0.5130 0.1062 
2.5000 0.3894 0.4575 0.1531 
3.0000 0.3661 0.4986 0.1353 
3.5000 0.4764 0.3652 0.1584 
4.0000 0.5643 0.2439 0.1918 
4.5000 0.5190 0.3223 0.1588 
5.0000 0.4615 0.4240 0.1145 
5.5000 0.5818 0.3085 0.1097 
6.0000 0.4245 0.3852 0.1903 
6.5000 0.4705 0.4059 0.1237 
7.0000 0.4367 0.3929 0.1705 
7.5000 0.4540 0.4008 0.1453 
8.0000 0.3102 0.5605 0.1293 
8.5000 0.4220 0.4473 0.1306 
9.0000 0.5512 0.3789 0.0699 
9.5000 0.4414 0.4388 0.1198 
10.0000 0.3838 0.4940 0.1222 
10.5000 0.4316 0.4524 0.1161 
11.0000 0.3536 0.4855 0.1609 
11.5000 0.4068 0.3946 0.1987 
12.0000 0.3815 0.3970 0.2215 
12.5000 0.4398 0.3120 0.2482 
13.0000 0.3929 0.4026 0.2045 
13.5000 0.3205 0.4900 0.1895 
14.0000 0.3745 0.4425 0.1830 
14.5000 0.3414 0.5119 0.1467 
15.0000 0.3266 0.5150 0.1584 
15.5000 0.5201 0.3846 0.0953 
16.0000 0.6221 0.2595 0.1183 
16.5000 0.6753 0.2299 0.0948 
17.0000 0.5833 0.3497 0.0670 
17.5000 0.5594 0.3797 0.0609 
18.0000 0.5834 0.3517 0.0650 
18.5000 0.6472 0.2600 0.0928 
19.0000 0.5629 0.3541 0.0830 
19.5000 0.5686 0.3585 0.0728 
20.0000 0.4949 0.4130 0.0921 
20.5000 0.4015 0.5140 0.0846 
21.0000 0.4756 0.4236 0.1008 
21.5000 0.5764 0.3323 0.0913 
22.0000 0.5131 0.4206 0.0663 
22.5000 0.5892 0.3199 0.0908 
23.0000 0.4213 0.4576 0.1211 
23.5000 0.3911 0.4922 0.1167 
24.0000 0.5175 0.4126 0.0699 
24.5000 0.4393 0.4630 0.0977 
25.0000 0.3740 0.4833 0.1426 
25.5000 0.4851 0.3489 0.1660 
26.0000 0.3404 0.5296 0.1300 
26.5000 0.2373 0.6596 0.1031 
27.0000 0.3159 0.5794 0.1047 
27.5000 0.3506 0.5756 0.0738 
28.0000 0.2940 0.6232 0.0829 
28.5000 0.3978 0.5228 0.0794 
29.0000 0.3606 0.5727 0.0667 
29.5000 0.4505 0.4826 0.0669 