0.5000 0.5916 0.3366 0.0718 
1.0000 0.6351 0.3062 0.0587 
1.5000 0.5545 0.4041 0.0415 
2.0000 0.6079 0.3270 0.0651 
2.5000 0.5639 0.3803 0.0558 
3.0000 0.5403 0.3988 0.0609 
3.5000 0.5341 0.3955 0.0705 
4.0000 0.4647 0.4679 0.0675 
4.5000 0.5575 0.3190 0.1235 
5.0000 0.4992 0.3947 0.1061 
5.5000 0.4388 0.4842 0.0770 
6.0000 0.3974 0.5188 0.0837 
6.5000 0.2901 0.5723 0.1376 
7.0000 0.3838 0.5029 0.1132 
7.5000 0.5272 0.3666 0.1062 
8.0000 0.5262 0.3711 0.1028 
8.5000 0.5015 0.4347 0.0637 
9.0000 0.5374 0.4126 0.0500 
9.5000 0.5096 0.4258 0.0646 
10.0000 0.5905 0.3349 0.0746 
10.5000 0.6215 0.3288 0.0496 
11.0000 0.5886 0.3576 0.0538 
11.5000 0.5222 0.4347 0.0431 
12.0000 0.5512 0.3909 0.0579 
12.5000 0.5471 0.3930 0.0599 
13.0000 0.5353 0.4098 0.0549 
13.5000 0.5335 0.4221 0.0444 
14.0000 0.5652 0.3746 0.0602 
14.5000 0.4543 0.4721 0.0737 
15.0000 0.5274 0.3972 0.0754 
15.5000 0.4285 0.5035 0.0680 
16.0000 0.4292 0.5121 0.0587 
16.5000 0.5044 0.3917 0.1039 
17.0000 0.5330 0.3342 0.1328 
17.5000 0.4734 0.3663 0.1603 
18.0000 0.4681 0.3747 0.1571 
18.5000 0.4013 0.5221 0.0766 
19.0000 0.3676 0.5062 0.1263 
19.5000 0.3104 0.5847 0.1049 
20.0000 0.3480 0.5224 0.1295 
20.5000 0.3904 0.5147 0.0949 
21.0000 0.5414 0.3873 0.0713 
21.5000 0.4477 0.4875 0.0649 
22.0000 0.4616 0.4366 0.1018 
22.5000 0.5529 0.3357 0.1114 
23.0000 0.5546 0.3635 0.0819 
23.5000 0.4582 0.4447 0.0970 
24.0000 0.4729 0.4316 0.0955 
24.5000 0.4867 0.4537 0.0596 
25.0000 0.4971 0.4407 0.0622 
25.5000 0.5255 0.3884 0.0861 
26.0000 0.4901 0.4291 0.0808 
26.5000 0.5232 0.3828 0.0940 
27.0000 0.6037 0.3180 0.0783 
27.5000 0.5137 0.4076 0.0786 
28.0000 0.4558 0.4721 0.0721 
28.5000 0.5045 0.3680 0.1275 
29.0000 0.5410 0.3582 0.1008 
29.5000 0.4446 0.4493 0.1061 
30.0000 0.4808 0.3606 0.1586 
30.5000 0.4416 0.4448 0.1136 
31.0000 0.4075 0.5044 0.0880 
31.5000 0.3078 0.5744 0.1178 
32.0000 0.4115 0.4629 0.1256 
32.5000 0.3959 0.4700 0.1340 
33.0000 0.4980 0.3581 0.1440 
33.5000 0.4943 0.3393 0.1664 
34.0000 0.4803 0.3815 0.1381 
34.5000 0.5447 0.3099 0.1455 
35.0000 0.5657 0.3107 0.1235 
35.5000 0.6156 0.2994 0.0850 
36.0000 0.6294 0.2895 0.0812 
36.5000 0.6177 0.3262 0.0561 
37.0000 0.4823 0.4132 0.1046 
37.5000 0.3772 0.5078 0.1150 
38.0000 0.5261 0.3697 0.1043 
38.5000 0.3616 0.5456 0.0929 
39.0000 0.3581 0.5097 0.1322 
39.5000 0.4076 0.4804 0.1120 
40.0000 0.4308 0.4435 0.1257 
40.5000 0.3701 0.5139 0.1160 
41.0000 0.3235 0.6042 0.0724 
41.5000 0.3410 0.5748 0.0841 
42.0000 0.3095 0.5821 0.1084 
42.5000 0.4087 0.4520 0.1392 
43.0000 0.4062 0.4178 0.1760 
43.5000 0.4490 0.4058 0.1452 
44.0000 0.4430 0.3864 0.1706 
44.5000 0.5080 0.3589 0.1331 
45.0000 0.5507 0.3107 0.1386 
45.5000 0.4716 0.4012 0.1272 
46.0000 0.5132 0.3606 0.1262 
46.5000 0.4177 0.4330 0.1494 
47.0000 0.3816 0.5042 0.1142 
47.5000 0.3723 0.4579 0.1698 
48.0000 0.4428 0.4188 0.1383 
48.5000 0.4302 0.4572 0.1127 
49.0000 0.3877 0.4926 0.1197 
49.5000 0.4322 0.3838 0.1840 